%{


Finding features...
Features in image #1: 1460
Features in image #2: 1466
Features in image #3: 1369
Features in image #4: 1463
Features in image #5: 1466
Features in image #6: 1426
Features in image #7: 1527
Features in image #8: 1530
Features in image #9: 1512
Features in image #10: 1511
Features in image #11: 1524
Features in image #12: 1493
Features in image #13: 1528
Features in image #14: 1514
Features in image #15: 1530
Features in image #16: 1461
Features in image #17: 1506
Features in image #18: 1464
Finding features, time: 0.715964 sec
Pairwise matchingPairwise matching, time: 2.64156 sec
Initial camera intrinsics #1:
K:
[641.5258819401624, 0, 447.5;
 0, 641.5258819401624, 335;
 0, 0, 1]
R:
[1.0372446, 0.024607291, 3.2751076;
 -0.03784702, 1.0929433, 0.92616522;
 -0.11491773, -0.0073891473, 0.72529513]
Initial camera intrinsics #2:
K:
[641.5258819401624, 0, 447.5;
 0, 641.5258819401624, 335;
 0, 0, 1]
R:
[1.096257, 0.033456586, 2.0787973;
 -0.016304176, 1.0764802, 0.93557841;
 -0.093511224, -0.008919742, 0.82738817]
Initial camera intrinsics #3:
K:
[641.5258819401624, 0, 447.5;
 0, 641.5258819401624, 335;
 0, 0, 1]
R:
[1.1234536, 0.037910797, 0.81129199;
 0.0085558183, 1.0592631, 0.95792663;
 -0.065328501, -0.0086346958, 0.90089887]
Initial camera intrinsics #4:
K:
[641.5258819401624, 0, 447.5;
 0, 641.5258819401624, 335;
 0, 0, 1]
R:
[1.1080225, 0.042954206, -0.39184299;
 0.041173257, 1.0411955, 0.90031081;
 -0.030110169, -0.0066029066, 0.93366122]
Initial camera intrinsics #5:
K:
[641.5258819401624, 0, 447.5;
 0, 641.5258819401624, 335;
 0, 0, 1]
R:
[1.1045871, 0.053883098, -1.5704236;
 0.039099041, 1.0390491, 0.86504799;
 -0.028380299, -0.0078522917, 0.96390235]
Initial camera intrinsics #6:
K:
[641.5258819401624, 0, 447.5;
 0, 641.5258819401624, 335;
 0, 0, 1]
R:
[0.80827236, -0.094310261, -2.1372857;
 0.10399052, 0.98705947, 0.78214651;
 0.10410293, 0.015650285, 0.92177093]
Initial camera intrinsics #7:
K:
[641.5258819401624, 0, 447.5;
 0, 641.5258819401624, 335;
 0, 0, 1]
R:
[1.0135951, -0.048309512, 3.3285265;
 0.035366464, 1.0656356, 0.035242926;
 -0.12389821, -0.013675437, 0.73514408]
Initial camera intrinsics #8:
K:
[641.5258819401624, 0, 447.5;
 0, 641.5258819401624, 335;
 0, 0, 1]
R:
[1.0118794, -0.03943108, 2.1870506;
 0.023054285, 1.0637537, 0.027072281;
 -0.12208956, -0.014276702, 0.87255138]
Initial camera intrinsics #9:
K:
[641.5258819401624, 0, 447.5;
 0, 641.5258819401624, 335;
 0, 0, 1]
R:
[1.0060399, 0.0040168329, 1.1041591;
 0.019669693, 1.0568438, 0.018157773;
 -0.11840505, -0.00059732387, 1]
Initial camera intrinsics #10:
K:
[641.5258819401624, 0, 447.5;
 0, 641.5258819401624, 335;
 0, 0, 1]
R:
[1, 0, 0;
 0, 1, 0;
 0, 0, 1]
Initial camera intrinsics #11:
K:
[641.5258819401624, 0, 447.5;
 0, 641.5258819401624, 335;
 0, 0, 1]
R:
[0.98736823, 0.017515555, -1.136604;
 -0.011800944, 0.99945861, 0.0018757574;
 0.0091342758, -0.011637148, 0.98962331]
Initial camera intrinsics #12:
K:
[641.5258819401624, 0, 447.5;
 0, 641.5258819401624, 335;
 0, 0, 1]
R:
[0.87347353, -0.012399154, -2.0800302;
 0.01295591, 0.97674459, 0.012966024;
 0.062801987, 0.0041408096, 0.92192101]
Initial camera intrinsics #13:
K:
[641.5258819401624, 0, 447.5;
 0, 641.5258819401624, 335;
 0, 0, 1]
R:
[0.86795956, -0.12092716, 2.9118938;
 -0.026433976, 0.86376399, -1.1253539;
 -0.0039327559, 0.13591371, 0.97359568]
Initial camera intrinsics #14:
K:
[641.5258819401624, 0, 447.5;
 0, 641.5258819401624, 335;
 0, 0, 1]
R:
[0.84400183, -0.22908485, 1.9725398;
 -0.0047484841, 0.92343527, -1.0969415;
 -0.017359463, 0.09348391, 0.99514276]
Initial camera intrinsics #15:
K:
[641.5258819401624, 0, 447.5;
 0, 641.5258819401624, 335;
 0, 0, 1]
R:
[0.87036651, -0.21868166, 1.0118395;
 -0.035267774, 0.90901476, -1.0424438;
 0.0070495461, 0.093563944, 0.98901051]
Initial camera intrinsics #16:
K:
[641.5258819401624, 0, 447.5;
 0, 641.5258819401624, 335;
 0, 0, 1]
R:
[0.8692345, -0.21801253, 0.080010228;
 -0.064524733, 0.89021593, -0.97529781;
 0.042331893, 0.092945501, 0.94339025]
Initial camera intrinsics #17:
K:
[641.5258819401624, 0, 447.5;
 0, 641.5258819401624, 335;
 0, 0, 1]
R:
[0.83733761, -0.20675418, -0.9035694;
 -0.098204009, 0.86619014, -0.84219831;
 0.07111109, 0.098956369, 0.86231512]
Initial camera intrinsics #18:
K:
[641.5258819401624, 0, 447.5;
 0, 641.5258819401624, 335;
 0, 0, 1]
R:
[0.95975959, -0.18603855, -1.9553479;
 -0.048655327, 0.9027099, -0.78221869;
 0.019806936, 0.090353571, 0.84131134]
Camera #1:
K:
[3287.295831163987, 0, 430.5768995689904;
 0, 3411.648617356382, 425.0645823480342;
 0, 0, 1]
R:
[0.81635892, -0.056474641, 0.57477713;
 -0.032782082, 0.9890722, 0.1437417;
 -0.57661372, -0.1361872, 0.80558652]
Camera #2:
K:
[3302.291001245598, 0, 606.5084242639231;
 0, 3415.305147615875, 491.8366633912387;
 0, 0, 1]
R:
[0.89683217, -0.056550357, 0.43874151;
 -0.018938508, 0.98597807, 0.1657971;
 -0.44196537, -0.15700127, 0.88318574]
Camera #3:
K:
[3389.135753397759, 0, 929.6805602964714;
 0, 3466.362749084867, 381.3868656442191;
 0, 0, 1]
R:
[0.94288439, -0.04335897, 0.33028623;
 -0.003866341, 0.9900018, 0.14100185;
 -0.3330977, -0.13422543, 0.93328959]
Camera #4:
K:
[3587.450201039665, 0, 908.988178329731;
 0, 3561.933341506547, 355.2600482546848;
 0, 0, 1]
R:
[0.99076498, -0.037933994, 0.13017592;
 0.020958437, 0.99137384, 0.12937787;
 -0.13396081, -0.12545477, 0.98301351]
Camera #5:
K:
[3763.578933688698, 0, 781.7065761457511;
 0, 3655.111857692932, 367.0878560991549;
 0, 0, 1]
R:
[0.99536908, -0.028847378, -0.091696352;
 0.040349234, 0.99118787, 0.12616873;
 0.087248676, -0.12928432, 0.98776168]
Camera #6:
K:
[3845.312716603621, 0, 381.8441536336076;
 0, 3704.609021237652, 182.9470525819719;
 0, 0, 1]
R:
[0.92823851, -0.036726601, -0.37016806;
 0.062427092, 0.99638104, 0.05768609;
 0.3667098, -0.076654956, 0.92717201]
Camera #7:
K:
[3296.408471534395, 0, 450.3130059022415;
 0, 3460.105977978685, 355.9621600264962;
 0, 0, 1]
R:
[0.80835646, -0.010693165, 0.58859622;
 0.035240777, 0.99892098, -0.030250769;
 -0.58763754, 0.045195997, 0.80786097]
Camera #8:
K:
[3334.351054753422, 0, 570.9861432597604;
 0, 3474.741204242099, 487.624629256033;
 0, 0, 1]
R:
[0.90102863, -0.024370734, 0.43307444;
 0.023997586, 0.99969208, 0.0063285008;
 -0.43309531, 0.0046905875, 0.90133584]
Camera #9:
K:
[3398.072687154548, 0, 1072.204954143823;
 0, 3509.971895159546, 172.6258697414235;
 0, 0, 1]
R:
[0.92414987, 0.014508701, 0.38175443;
 0.018546253, 0.99639654, -0.082765073;
 -0.38157961, 0.083567455, 0.92055064]
Camera #10:
K:
[3635.537556206416, 0, 369.7270077906857;
 0, 3616.202037411425, 488.2427173724224;
 0, 0, 1]
R:
[1, -2.910383e-11, -5.8207661e-11;
 -1.8189894e-11, 1, 0;
 -1.7462298e-10, 7.4505806e-09, 0.99999994]
Camera #11:
K:
[3657.817598312161, 0, 1012.997346874629;
 0, 3602.8022584752, 615.0972282543547;
 0, 0, 1]
R:
[0.99959868, 0.013841119, -0.02471677;
 -0.013005068, 0.99934834, 0.033671625;
 0.025166715, -0.033336654, 0.99912727]
Camera #12:
K:
[3829.93862693026, 0, 348.9585080467996;
 0, 3687.036235506363, 296.8085845151961;
 0, 0, 1]
R:
[0.92756313, -0.011310684, -0.37349522;
 -0.0068271905, 0.99886197, -0.04720398;
 0.37360406, 0.046334594, 0.92643034]
Camera #13:
K:
[3303.712817184291, 0, 527.3262783561597;
 0, 3459.308208037097, 277.6288284989425;
 0, 0, 1]
R:
[0.795672, 0.041888416, 0.60427761;
 0.1096836, 0.97115088, -0.21174398;
 -0.59571433, 0.23475811, 0.76812309]
Camera #14:
K:
[3343.702833759053, 0, 598.070067938404;
 0, 3472.872709190526, 416.3401191285333;
 0, 0, 1]
R:
[0.89696407, 0.0217498, 0.44156805;
 0.067822374, 0.98019695, -0.18604906;
 -0.43687013, 0.19682752, 0.87772626]
Camera #15:
K:
[3414.829668002707, 0, 920.5761197541494;
 0, 3511.391656954805, 390.1303893797055;
 0, 0, 1]
R:
[0.94073927, 0.028887976, 0.33789811;
 0.040504739, 0.97966218, -0.19652334;
 -0.33670315, 0.19856369, 0.9204365]
Camera #16:
K:
[3609.72738052457, 0, 979.609220815969;
 0, 3606.727734987344, 435.0223679669971;
 0, 0, 1]
R:
[0.98628551, 0.022536017, 0.16350244;
 0.0089360159, 0.98188996, -0.18924093;
 -0.16480614, 0.18810664, 0.9682225]
Camera #17:
K:
[3773.36440374491, 0, 217.1118365802226;
 0, 3669.670868414894, 507.8382817587224;
 0, 0, 1]
R:
[0.97123957, 0.035886995, -0.2353842;
 -0.073442549, 0.98552704, -0.15278299;
 0.22649458, 0.1656761, 0.95981854]
Camera #18:
K:
[3756.29001837541, 0, 780.6699565224648;
 0, 3655.589486220001, 631.313735193443;
 0, 0, 1]
R:
[0.96077436, 0.053257622, -0.27216947;
 -0.087438077, 0.98950553, -0.11503698;
 0.26318657, 0.13432255, 0.95534819]
Camera R after waveCorrect: 1
R:
[0.90709996, -0.01988673, 0.4204452;
 -0.066219725, 0.979702, 0.18920656;
 -0.41567361, -0.19947103, 0.88737077]
Camera R after waveCorrect: 2
R:
[0.96192586, -0.016214782, 0.27282941;
 -0.04475043, 0.9754228, 0.21574968;
 -0.26962233, -0.21974441, 0.93755859]
Camera R after waveCorrect: 3
R:
[0.98760146, -0.0073360987, 0.15681088;
 -0.023506872, 0.98073393, 0.19392903;
 -0.15521246, -0.19521071, 0.96840179]
Camera R after waveCorrect: 4
R:
[0.99878657, -0.0035796035, -0.049118236;
 0.012634, 0.98260182, 0.18529464;
 0.047600389, -0.18569034, 0.98145473]
Camera R after waveCorrect: 5
R:
[0.96334869, 0.0060488302, -0.26818407;
 0.044639468, 0.98219138, 0.18250331;
 0.264512, -0.18778594, 0.94592273]
Camera R after waveCorrect: 6
R:
[0.8468231, -0.011200803, -0.53175682;
 0.082704186, 0.99039054, 0.11084513;
 0.52540529, -0.13784471, 0.83961195]
Camera R after waveCorrect: 7
R:
[0.90198368, -0.0077061569, 0.43170136;
 0.001066532, 0.99987751, 0.01562009;
 -0.43176883, -0.013628647, 0.90188134]
Camera R after waveCorrect: 8
R:
[0.96491468, -0.013789745, 0.26220146;
 -0.0013800543, 0.99833983, 0.057583515;
 -0.26256022, -0.055925038, 0.96329355]
Camera R after waveCorrect: 9
R:
[0.97823286, 0.010077584, 0.20726557;
 -0.0038913675, 0.99953538, -0.03023288;
 -0.20747396, 0.028768253, 0.97781754]
Camera R after waveCorrect: 10
R:
[0.98330456, 0.01102947, -0.18163307;
 -0.0006357861, 0.99836355, 0.05718258;
 0.18196654, -0.056112409, 0.98170239]
Camera R after waveCorrect: 11
R:
[0.97819537, 0.030687358, -0.20540729;
 -0.012180218, 0.99579787, 0.090764917;
 0.20732948, -0.086283907, 0.97445869]
Camera R after waveCorrect: 12
R:
[0.84414291, -0.008520823, -0.53605062;
 0.013957895, 0.99988413, 0.0060864128;
 0.53593659, -0.012619939, 0.84416407]
Camera R after waveCorrect: 13
R:
[0.89179909, 0.0092605092, 0.45233694;
 0.074933752, 0.98295909, -0.16785841;
 -0.44618312, 0.18359128, 0.87590808]
Camera R after waveCorrect: 14
R:
[0.96208698, -0.0035526603, 0.27271974;
 0.042159744, 0.98983419, -0.13583468;
 -0.26946467, 0.14218257, 0.9524563]
Camera R after waveCorrect: 15
R:
[0.9866364, 0.0031450987, 0.16290747;
 0.020586789, 0.98939502, -0.14378363;
 -0.16163203, 0.1452159, 0.97610831]
Camera R after waveCorrect: 16
R:
[0.99985182, -0.0011768937, -0.017175764;
 -0.0011297157, 0.99102527, -0.13366973;
 0.017178953, 0.13366935, 0.99087715]
Camera R after waveCorrect: 17
R:
[0.91307539, 0.016065426, -0.40747428;
 -0.060988322, 0.99336523, -0.097498409;
 0.40320444, 0.11387457, 0.90799719]
Camera R after waveCorrect: 18
R:
[0.89596599, 0.038884766, -0.44241714;
 -0.072856143, 0.99553329, -0.060046408;
 0.43810606, 0.086032346, 0.89479691]
Warping images (auxiliary)...
Camera R before warp: 1
R:
[0.90709996, -0.01988673, 0.4204452;
 -0.066219725, 0.979702, 0.18920656;
 -0.41567361, -0.19947103, 0.88737077]
Camera R after warp: 1
R:
[0.90709996, -0.01988673, 0.4204452;
 -0.066219725, 0.979702, 0.18920656;
 -0.41567361, -0.19947103, 0.88737077]
Camera R after mask warp: 1
R:
[0.90709996, -0.01988673, 0.4204452;
 -0.066219725, 0.979702, 0.18920656;
 -0.41567361, -0.19947103, 0.88737077]
Corners and Sizes: 1
Corners:
[435, 2326]Sizes:
[410 x 303]
Camera R before warp: 2
R:
[0.96192586, -0.016214782, 0.27282941;
 -0.04475043, 0.9754228, 0.21574968;
 -0.26962233, -0.21974441, 0.93755859]
Camera R after warp: 2
R:
[0.96192586, -0.016214782, 0.27282941;
 -0.04475043, 0.9754228, 0.21574968;
 -0.26962233, -0.21974441, 0.93755859]
Camera R after mask warp: 2
R:
[0.96192586, -0.016214782, 0.27282941;
 -0.04475043, 0.9754228, 0.21574968;
 -0.26962233, -0.21974441, 0.93755859]
Corners and Sizes: 2
Corners:
[137, 2345]Sizes:
[399 x 291]
Camera R before warp: 3
R:
[0.98760146, -0.0073360987, 0.15681088;
 -0.023506872, 0.98073393, 0.19392903;
 -0.15521246, -0.19521071, 0.96840179]
Camera R after warp: 3
R:
[0.98760146, -0.0073360987, 0.15681088;
 -0.023506872, 0.98073393, 0.19392903;
 -0.15521246, -0.19521071, 0.96840179]
Camera R after mask warp: 3
R:
[0.98760146, -0.0073360987, 0.15681088;
 -0.023506872, 0.98073393, 0.19392903;
 -0.15521246, -0.19521071, 0.96840179]
Corners and Sizes: 3
Corners:
[-164, 2367]Sizes:
[380 x 277]
Camera R before warp: 4
R:
[0.99878657, -0.0035796035, -0.049118236;
 0.012634, 0.98260182, 0.18529464;
 0.047600389, -0.18569034, 0.98145473]
Camera R after warp: 4
R:
[0.99878657, -0.0035796035, -0.049118236;
 0.012634, 0.98260182, 0.18529464;
 0.047600389, -0.18569034, 0.98145473]
Camera R after mask warp: 4
R:
[0.99878657, -0.0035796035, -0.049118236;
 0.012634, 0.98260182, 0.18529464;
 0.047600389, -0.18569034, 0.98145473]
Corners and Sizes: 4
Corners:
[-439, 2361]Sizes:
[364 x 276]
Camera R before warp: 5
R:
[0.96334869, 0.0060488302, -0.26818407;
 0.044639468, 0.98219138, 0.18250331;
 0.264512, -0.18778594, 0.94592273]
Camera R after warp: 5
R:
[0.96334869, 0.0060488302, -0.26818407;
 0.044639468, 0.98219138, 0.18250331;
 0.264512, -0.18778594, 0.94592273]
Camera R after mask warp: 5
R:
[0.96334869, 0.0060488302, -0.26818407;
 0.044639468, 0.98219138, 0.18250331;
 0.264512, -0.18778594, 0.94592273]
Corners and Sizes: 5
Corners:
[-701, 2349]Sizes:
[356 x 278]
Camera R before warp: 6
R:
[0.8468231, -0.011200803, -0.53175682;
 0.082704186, 0.99039054, 0.11084513;
 0.52540529, -0.13784471, 0.83961195]
Camera R after warp: 6
R:
[0.8468231, -0.011200803, -0.53175682;
 0.082704186, 0.99039054, 0.11084513;
 0.52540529, -0.13784471, 0.83961195]
Camera R after mask warp: 6
R:
[0.8468231, -0.011200803, -0.53175682;
 0.082704186, 0.99039054, 0.11084513;
 0.52540529, -0.13784471, 0.83961195]
Corners and Sizes: 6
Corners:
[-966, 2321]Sizes:
[354 x 282]
Camera R before warp: 7
R:
[0.90198368, -0.0077061569, 0.43170136;
 0.001066532, 0.99987751, 0.01562009;
 -0.43176883, -0.013628647, 0.90188134]
Camera R after warp: 7
R:
[0.90198368, -0.0077061569, 0.43170136;
 0.001066532, 0.99987751, 0.01562009;
 -0.43176883, -0.013628647, 0.90188134]
Camera R after mask warp: 7
R:
[0.90198368, -0.0077061569, 0.43170136;
 0.001066532, 0.99987751, 0.01562009;
 -0.43176883, -0.013628647, 0.90188134]
Corners and Sizes: 7
Corners:
[443, 2120]Sizes:
[386 x 277]
Camera R before warp: 8
R:
[0.96491468, -0.013789745, 0.26220146;
 -0.0013800543, 0.99833983, 0.057583515;
 -0.26256022, -0.055925038, 0.96329355]
Camera R after warp: 8
R:
[0.96491468, -0.013789745, 0.26220146;
 -0.0013800543, 0.99833983, 0.057583515;
 -0.26256022, -0.055925038, 0.96329355]
Camera R after mask warp: 8
R:
[0.96491468, -0.013789745, 0.26220146;
 -0.0013800543, 0.99833983, 0.057583515;
 -0.26256022, -0.055925038, 0.96329355]
Corners and Sizes: 8
Corners:
[136, 2128]Sizes:
[382 x 274]
Camera R before warp: 9
R:
[0.97823286, 0.010077584, 0.20726557;
 -0.0038913675, 0.99953538, -0.03023288;
 -0.20747396, 0.028768253, 0.97781754]
Camera R after warp: 9
R:
[0.97823286, 0.010077584, 0.20726557;
 -0.0038913675, 0.99953538, -0.03023288;
 -0.20747396, 0.028768253, 0.97781754]
Camera R after mask warp: 9
R:
[0.97823286, 0.010077584, 0.20726557;
 -0.0038913675, 0.99953538, -0.03023288;
 -0.20747396, 0.028768253, 0.97781754]
Corners and Sizes: 9
Corners:
[-139, 2132]Sizes:
[363 x 271]
Camera R before warp: 10
R:
[0.98330456, 0.01102947, -0.18163307;
 -0.0006357861, 0.99836355, 0.05718258;
 0.18196654, -0.056112409, 0.98170239]
Camera R after warp: 10
R:
[0.98330456, 0.01102947, -0.18163307;
 -0.0006357861, 0.99836355, 0.05718258;
 0.18196654, -0.056112409, 0.98170239]
Camera R after mask warp: 10
R:
[0.98330456, 0.01102947, -0.18163307;
 -0.0006357861, 0.99836355, 0.05718258;
 0.18196654, -0.056112409, 0.98170239]
Corners and Sizes: 10
Corners:
[-406, 2135]Sizes:
[351 x 264]
Camera R before warp: 11
R:
[0.97819537, 0.030687358, -0.20540729;
 -0.012180218, 0.99579787, 0.090764917;
 0.20732948, -0.086283907, 0.97445869]
Camera R after warp: 11
R:
[0.97819537, 0.030687358, -0.20540729;
 -0.012180218, 0.99579787, 0.090764917;
 0.20732948, -0.086283907, 0.97445869]
Camera R after mask warp: 11
R:
[0.97819537, 0.030687358, -0.20540729;
 -0.012180218, 0.99579787, 0.090764917;
 0.20732948, -0.086283907, 0.97445869]
Corners and Sizes: 11
Corners:
[-684, 2134]Sizes:
[341 x 264]
Camera R before warp: 12
R:
[0.84414291, -0.008520823, -0.53605062;
 0.013957895, 0.99988413, 0.0060864128;
 0.53593659, -0.012619939, 0.84416407]
Camera R after warp: 12
R:
[0.84414291, -0.008520823, -0.53605062;
 0.013957895, 0.99988413, 0.0060864128;
 0.53593659, -0.012619939, 0.84416407]
Camera R after mask warp: 12
R:
[0.84414291, -0.008520823, -0.53605062;
 0.013957895, 0.99988413, 0.0060864128;
 0.53593659, -0.012619939, 0.84416407]
Corners and Sizes: 12
Corners:
[-940, 2137]Sizes:
[335 x 262]
Camera R before warp: 13
R:
[0.89179909, 0.0092605092, 0.45233694;
 0.074933752, 0.98295909, -0.16785841;
 -0.44618312, 0.18359128, 0.87590808]
Camera R after warp: 13
R:
[0.89179909, 0.0092605092, 0.45233694;
 0.074933752, 0.98295909, -0.16785841;
 -0.44618312, 0.18359128, 0.87590808]
Camera R after mask warp: 13
R:
[0.89179909, 0.0092605092, 0.45233694;
 0.074933752, 0.98295909, -0.16785841;
 -0.44618312, 0.18359128, 0.87590808]
Corners and Sizes: 13
Corners:
[444, 1877]Sizes:
[407 x 300]
Camera R before warp: 14
R:
[0.96208698, -0.0035526603, 0.27271974;
 0.042159744, 0.98983419, -0.13583468;
 -0.26946467, 0.14218257, 0.9524563]
Camera R after warp: 14
R:
[0.96208698, -0.0035526603, 0.27271974;
 0.042159744, 0.98983419, -0.13583468;
 -0.26946467, 0.14218257, 0.9524563]
Camera R after mask warp: 14
R:
[0.96208698, -0.0035526603, 0.27271974;
 0.042159744, 0.98983419, -0.13583468;
 -0.26946467, 0.14218257, 0.9524563]
Corners and Sizes: 14
Corners:
[141, 1874]Sizes:
[394 x 286]
Camera R before warp: 15
R:
[0.9866364, 0.0031450987, 0.16290747;
 0.020586789, 0.98939502, -0.14378363;
 -0.16163203, 0.1452159, 0.97610831]
Camera R after warp: 15
R:
[0.9866364, 0.0031450987, 0.16290747;
 0.020586789, 0.98939502, -0.14378363;
 -0.16163203, 0.1452159, 0.97610831]
Camera R after mask warp: 15
R:
[0.9866364, 0.0031450987, 0.16290747;
 0.020586789, 0.98939502, -0.14378363;
 -0.16163203, 0.1452159, 0.97610831]
Corners and Sizes: 15
Corners:
[-146, 1879]Sizes:
[374 x 273]
Camera R before warp: 16
R:
[0.99985182, -0.0011768937, -0.017175764;
 -0.0011297157, 0.99102527, -0.13366973;
 0.017178953, 0.13366935, 0.99087715]
Camera R after warp: 16
R:
[0.99985182, -0.0011768937, -0.017175764;
 -0.0011297157, 0.99102527, -0.13366973;
 0.017178953, 0.13366935, 0.99087715]
Camera R after mask warp: 16
R:
[0.99985182, -0.0011768937, -0.017175764;
 -0.0011297157, 0.99102527, -0.13366973;
 0.017178953, 0.13366935, 0.99087715]
Corners and Sizes: 16
Corners:
[-412, 1882]Sizes:
[354 x 268]
Camera R before warp: 17
R:
[0.91307539, 0.016065426, -0.40747428;
 -0.060988322, 0.99336523, -0.097498409;
 0.40320444, 0.11387457, 0.90799719]
Camera R after warp: 17
R:
[0.91307539, 0.016065426, -0.40747428;
 -0.060988322, 0.99336523, -0.097498409;
 0.40320444, 0.11387457, 0.90799719]
Camera R after mask warp: 17
R:
[0.91307539, 0.016065426, -0.40747428;
 -0.060988322, 0.99336523, -0.097498409;
 0.40320444, 0.11387457, 0.90799719]
Corners and Sizes: 17
Corners:
[-698, 1899]Sizes:
[353 x 275]
Camera R before warp: 18
R:
[0.89596599, 0.038884766, -0.44241714;
 -0.072856143, 0.99553329, -0.060046408;
 0.43810606, 0.086032346, 0.89479691]
Camera R after warp: 18
R:
[0.89596599, 0.038884766, -0.44241714;
 -0.072856143, 0.99553329, -0.060046408;
 0.43810606, 0.086032346, 0.89479691]
Camera R after mask warp: 18
R:
[0.89596599, 0.038884766, -0.44241714;
 -0.072856143, 0.99553329, -0.060046408;
 0.43810606, 0.086032346, 0.89479691]
Corners and Sizes: 18
Corners:
[-969, 1912]Sizes:
[357 x 285]
Warping images, time: 0.0346112 sec
Compositing...
Compositing image #1
corners after updating: 0
[1464, 7819]

sizes after updating: 0
[1378 x 1018]

corners after updating: 1
[463, 7884]

sizes after updating: 1
[1341 x 976]

corners after updating: 2
[-551, 7958]

sizes after updating: 2
[1281 x 930]

corners after updating: 3
[-1476, 7936]

sizes after updating: 3
[1224 x 929]

corners after updating: 4
[-2357, 7896]

sizes after updating: 4
[1196 x 935]

corners after updating: 5
[-3248, 7803]

sizes after updating: 5
[1192 x 947]

corners after updating: 6
[1491, 7129]

sizes after updating: 6
[1298 x 928]

corners after updating: 7
[458, 7153]

sizes after updating: 7
[1286 x 922]

corners after updating: 8
[-468, 7166]

sizes after updating: 8
[1224 x 912]

corners after updating: 9
[-1367, 7176]

sizes after updating: 9
[1181 x 887]

corners after updating: 10
[-2302, 7172]

sizes after updating: 10
[1149 x 888]

corners after updating: 11
[-3161, 7185]

sizes after updating: 11
[1129 x 880]

corners after updating: 12
[1493, 6309]

sizes after updating: 12
[1371 x 1010]

corners after updating: 13
[475, 6301]

sizes after updating: 13
[1325 x 960]

corners after updating: 14
[-493, 6317]

sizes after updating: 14
[1261 x 918]

corners after updating: 15
[-1388, 6326]

sizes after updating: 15
[1193 x 902]

corners after updating: 16
[-2348, 6382]

sizes after updating: 16
[1188 x 925]

corners after updating: 17
[-3257, 6428]

sizes after updating: 17
[1201 x 957]

Camera R before warp2: 1
R:
[0.90709996, -0.01988673, 0.4204452;
 -0.066219725, 0.979702, 0.18920656;
 -0.41567361, -0.19947103, 0.88737077]
Multi-band blender, number of bands: 7
corners being used last time: 0
[1464, 7819]

Compositing image #2
Camera R before warp2: 2
R:
[0.96192586, -0.016214782, 0.27282941;
 -0.04475043, 0.9754228, 0.21574968;
 -0.26962233, -0.21974441, 0.93755859]
corners being used last time: 1
[463, 7884]

Compositing image #3
Camera R before warp2: 3
R:
[0.98760146, -0.0073360987, 0.15681088;
 -0.023506872, 0.98073393, 0.19392903;
 -0.15521246, -0.19521071, 0.96840179]
corners being used last time: 2
[-551, 7958]

Compositing image #4
Camera R before warp2: 4
R:
[0.99878657, -0.0035796035, -0.049118236;
 0.012634, 0.98260182, 0.18529464;
 0.047600389, -0.18569034, 0.98145473]
corners being used last time: 3
[-1476, 7936]

Compositing image #5
Camera R before warp2: 5
R:
[0.96334869, 0.0060488302, -0.26818407;
 0.044639468, 0.98219138, 0.18250331;
 0.264512, -0.18778594, 0.94592273]
corners being used last time: 4
[-2357, 7896]

Compositing image #6
Camera R before warp2: 6
R:
[0.8468231, -0.011200803, -0.53175682;
 0.082704186, 0.99039054, 0.11084513;
 0.52540529, -0.13784471, 0.83961195]
corners being used last time: 5
[-3248, 7803]

Compositing image #7
Camera R before warp2: 7
R:
[0.90198368, -0.0077061569, 0.43170136;
 0.001066532, 0.99987751, 0.01562009;
 -0.43176883, -0.013628647, 0.90188134]
corners being used last time: 6
[1491, 7129]

Compositing image #8
Camera R before warp2: 8
R:
[0.96491468, -0.013789745, 0.26220146;
 -0.0013800543, 0.99833983, 0.057583515;
 -0.26256022, -0.055925038, 0.96329355]
corners being used last time: 7
[458, 7153]

Compositing image #9
Camera R before warp2: 9
R:
[0.97823286, 0.010077584, 0.20726557;
 -0.0038913675, 0.99953538, -0.03023288;
 -0.20747396, 0.028768253, 0.97781754]
corners being used last time: 8
[-468, 7166]

Compositing image #10
Camera R before warp2: 10
R:
[0.98330456, 0.01102947, -0.18163307;
 -0.0006357861, 0.99836355, 0.05718258;
 0.18196654, -0.056112409, 0.98170239]
corners being used last time: 9
[-1367, 7176]

Compositing image #11
Camera R before warp2: 11
R:
[0.97819537, 0.030687358, -0.20540729;
 -0.012180218, 0.99579787, 0.090764917;
 0.20732948, -0.086283907, 0.97445869]
corners being used last time: 10
[-2302, 7172]

Compositing image #12
Camera R before warp2: 12
R:
[0.84414291, -0.008520823, -0.53605062;
 0.013957895, 0.99988413, 0.0060864128;
 0.53593659, -0.012619939, 0.84416407]
corners being used last time: 11
[-3161, 7185]

Compositing image #13
Camera R before warp2: 13
R:
[0.89179909, 0.0092605092, 0.45233694;
 0.074933752, 0.98295909, -0.16785841;
 -0.44618312, 0.18359128, 0.87590808]
corners being used last time: 12
[1493, 6309]

Compositing image #14
Camera R before warp2: 14
R:
[0.96208698, -0.0035526603, 0.27271974;
 0.042159744, 0.98983419, -0.13583468;
 -0.26946467, 0.14218257, 0.9524563]
corners being used last time: 13
[475, 6301]

Compositing image #15
Camera R before warp2: 15
R:
[0.9866364, 0.0031450987, 0.16290747;
 0.020586789, 0.98939502, -0.14378363;
 -0.16163203, 0.1452159, 0.97610831]
corners being used last time: 14
[-493, 6317]

Compositing image #16
Camera R before warp2: 16
R:
[0.99985182, -0.0011768937, -0.017175764;
 -0.0011297157, 0.99102527, -0.13366973;
 0.017178953, 0.13366935, 0.99087715]
corners being used last time: 15
[-1388, 6326]

Compositing image #17
Camera R before warp2: 17
R:
[0.91307539, 0.016065426, -0.40747428;
 -0.060988322, 0.99336523, -0.097498409;
 0.40320444, 0.11387457, 0.90799719]
corners being used last time: 16
[-2348, 6382]

Compositing image #18
Camera R before warp2: 18
R:
[0.89596599, 0.038884766, -0.44241714;
 -0.072856143, 0.99553329, -0.060046408;
 0.43810606, 0.086032346, 0.89479691]
corners being used last time: 17
[-3257, 6428]

Compositing, time: 0.823037 sec
last place: 1
R:
[0.90709996, -0.01988673, 0.4204452;
 -0.066219725, 0.979702, 0.18920656;
 -0.41567361, -0.19947103, 0.88737077]
K:
[4510.827930447471, 0, 590.8376989890655;
 0, 4681.46484601433, 583.2736963075752;
 0, 0, 1]
t
[0;
 0;
 0]
last place: 2
R:
[0.96192586, -0.016214782, 0.27282941;
 -0.04475043, 0.9754228, 0.21574968;
 -0.26962233, -0.21974441, 0.93755859]
K:
[4531.404305528989, 0, 832.2509688009002;
 0, 4686.482337493705, 674.8983579180089;
 0, 0, 1]
t
[0;
 0;
 0]
last place: 3
R:
[0.98760146, -0.0073360987, 0.15681088;
 -0.023506872, 0.98073393, 0.19392903;
 -0.15521246, -0.19521071, 0.96840179]
K:
[4650.572690043396, 0, 1275.707831958181;
 0, 4756.543587407568, 523.3391255950946;
 0, 0, 1]
t
[0;
 0;
 0]
last place: 4
R:
[0.99878657, -0.0035796035, -0.049118236;
 0.012634, 0.98260182, 0.18529464;
 0.047600389, -0.18569034, 0.98145473]
K:
[4922.699810746621, 0, 1247.313741703758;
 0, 4887.685571508367, 487.4879020766193;
 0, 0, 1]
t
[0;
 0;
 0]
last place: 5
R:
[0.96334869, 0.0060488302, -0.26818407;
 0.044639468, 0.98219138, 0.18250331;
 0.264512, -0.18778594, 0.94592273]
K:
[5164.383689348523, 0, 1072.657904306762;
 0, 5015.545148169093, 503.7180221269676;
 0, 0, 1]
t
[0;
 0;
 0]
last place: 6
R:
[0.8468231, -0.011200803, -0.53175682;
 0.082704186, 0.99039054, 0.11084513;
 0.52540529, -0.13784471, 0.83961195]
K:
[5276.538800956843, 0, 523.9666162563356;
 0, 5083.465164882766, 251.0399784395411;
 0, 0, 1]
t
[0;
 0;
 0]
last place: 7
R:
[0.90198368, -0.0077061569, 0.43170136;
 0.001066532, 0.99987751, 0.01562009;
 -0.43176883, -0.013628647, 0.90188134]
K:
[4523.332297201833, 0, 617.9195876473148;
 0, 4747.958044970949, 488.4513399761105;
 0, 0, 1]
t
[0;
 0;
 0]
last place: 8
R:
[0.96491468, -0.013789745, 0.26220146;
 -0.0013800543, 0.99833983, 0.057583515;
 -0.26256022, -0.055925038, 0.96329355]
K:
[4575.39711671554, 0, 783.5072884215035;
 0, 4768.040505080433, 669.1186039205244;
 0, 0, 1]
t
[0;
 0;
 0]
last place: 9
R:
[0.97823286, 0.010077584, 0.20726557;
 -0.0038913675, 0.99953538, -0.03023288;
 -0.20747396, 0.028768253, 0.97781754]
K:
[4662.835952150964, 0, 1471.279830815699;
 0, 4816.384065490422, 236.8772494904049;
 0, 0, 1]
t
[0;
 0;
 0]
last place: 10
R:
[0.98330456, 0.01102947, -0.18163307;
 -0.0006357861, 0.99836355, 0.05718258;
 0.18196654, -0.056112409, 0.98170239]
K:
[4988.685288150619, 0, 507.3394665525001;
 0, 4962.153085784381, 669.9667445449413;
 0, 0, 1]
t
[0;
 0;
 0]
last place: 11
R:
[0.97819537, 0.030687358, -0.20540729;
 -0.012180218, 0.99579787, 0.090764917;
 0.20732948, -0.086283907, 0.97445869]
K:
[5019.257965933183, 0, 1390.035141477753;
 0, 4943.765906719348, 844.0365271804937;
 0, 0, 1]
t
[0;
 0;
 0]
last place: 12
R:
[0.84414291, -0.008520823, -0.53605062;
 0.013957895, 0.99988413, 0.0060864128;
 0.53593659, -0.012619939, 0.84416407]
K:
[5255.442472343411, 0, 478.8409274705944;
 0, 5059.351785143408, 407.2807930260587;
 0, 0, 1]
t
[0;
 0;
 0]
last place: 13
R:
[0.89179909, 0.0092605092, 0.45233694;
 0.074933752, 0.98295909, -0.16785841;
 -0.44618312, 0.18359128, 0.87590808]
K:
[4533.355321615649, 0, 723.597213952486;
 0, 4746.863344913695, 380.9623283728028;
 0, 0, 1]
t
[0;
 0;
 0]
last place: 14
R:
[0.96208698, -0.0035526603, 0.27271974;
 0.042159744, 0.98983419, -0.13583468;
 -0.26946467, 0.14218257, 0.9524563]
K:
[4588.229629548142, 0, 820.6718547341442;
 0, 4765.476555834784, 571.3019863094668;
 0, 0, 1]
t
[0;
 0;
 0]
last place: 15
R:
[0.9866364, 0.0031450987, 0.16290747;
 0.020586789, 0.98939502, -0.14378363;
 -0.16163203, 0.1452159, 0.97610831]
K:
[4685.829884283044, 0, 1263.214717009393;
 0, 4818.332262881094, 535.3369904366647;
 0, 0, 1]
t
[0;
 0;
 0]
last place: 16
R:
[0.99985182, -0.0011768937, -0.017175764;
 -0.0011297157, 0.99102527, -0.13366973;
 0.017178953, 0.13366935, 0.99087715]
K:
[4953.268560440353, 0, 1344.219948898211;
 0, 4949.152446294955, 596.9377715239275;
 0, 0, 1]
t
[0;
 0;
 0]
last place: 17
R:
[0.91307539, 0.016065426, -0.40747428;
 -0.060988322, 0.99336523, -0.097498409;
 0.40320444, 0.11387457, 0.90799719]
K:
[5177.811313118692, 0, 297.9209011834018;
 0, 5035.523025298896, 696.8557815183206;
 0, 0, 1]
t
[0;
 0;
 0]
last place: 18
R:
[0.89596599, 0.038884766, -0.44241714;
 -0.072856143, 0.99553329, -0.060046408;
 0.43810606, 0.086032346, 0.89479691]
K:
[5154.381838445373, 0, 1071.235454673345;
 0, 5016.200550119795, 866.2888209173898;
 0, 0, 1]
t
[0;
 0;
 0]
Finished, total time: 148.429 sec

%}
